[view]
camera_position = (-2.241886,0.024237)
camera_zoom = 3.270320
show_grid = true
ui_scale = 1.000000

