[view]
camera_position = (8.496958,4.462380)
camera_zoom = 0.298807
show_grid = true
ui_scale = 1.000000

